03.01.2001 46 13 21 34 19 36
10.01.2001 28 15 3 24 27 4
17.01.2001 20 12 49 11 43 45
24.01.2001 46 7 9 6 38 18
31.01.2001 30 33 19 16 24 14
07.02.2001 10 40 26 31 5 1
14.02.2001 2 34 25 26 48 31
21.02.2001 10 22 26 4 5 25
28.02.2001 33 16 49 23 30 38
07.03.2001 44 6 32 17 1 29
14.03.2001 26 45 38 22 32 39
21.03.2001 45 11 26 22 28 49
28.03.2001 24 19 41 25 14 31
04.04.2001 21 12 22 24 31 4
11.04.2001 33 4 28 24 12 36
18.04.2001 19 17 48 1 29 6
25.04.2001 13 26 9 31 42 20
02.05.2001 2 12 44 14 24 31
09.05.2001 17 36 4 30 16 26
16.05.2001 2 35 16 19 33 23
23.05.2001 40 46 15 31 44 13
30.05.2001 26 16 48 47 35 27
06.06.2001 42 8 26 34 9 47
13.06.2001 34 17 41 6 20 15
20.06.2001 27 1 25 8 2 5
27.06.2001 27 24 47 13 17 20
04.07.2001 43 2 17 34 37 31
11.07.2001 45 1 27 39 12 8
18.07.2001 12 11 34 45 31 44
25.07.2001 13 39 6 37 32 12
01.08.2001 32 34 41 9 30 48
08.08.2001 17 20 41 10 22 40
15.08.2001 23 35 47 11 31 10
22.08.2001 48 3 11 36 35 25
29.08.2001 34 22 16 28 6 35
05.09.2001 38 33 9 1 25 44
12.09.2001 26 23 18 4 44 43
19.09.2001 30 10 24 4 25 23
26.09.2001 17 23 21 46 28 1
03.10.2001 49 11 17 20 33 43
10.10.2001 47 37 33 7 41 49
17.10.2001 42 34 35 7 23 37
24.10.2001 48 32 40 4 27 26
31.10.2001 38 18 11 36 23 26
07.11.2001 3 22 17 4 7 10
14.11.2001 42 22 2 15 27 3
21.11.2001 14 46 44 34 43 25
28.11.2001 25 22 36 48 7 37
05.12.2001 3 46 25 5 48 18
12.12.2001 40 47 15 30 19 1
19.12.2001 43 46 1 19 24 44
26.12.2001 40 28 2 22 49 23
02.01.2002 13 46 21 35 25 34
09.01.2002 39 37 24 47 43 4
16.01.2002 42 19 22 26 28 25
23.01.2002 38 21 32 31 46 34
30.01.2002 29 13 46 39 42 7
06.02.2002 6 45 25 34 33 18
13.02.2002 5 6 1 11 17 45
20.02.2002 25 2 40 38 11 22
27.02.2002 4 45 32 37 17 25
06.03.2002 11 7 33 22 44 25
13.03.2002 32 33 30 37 43 31
20.03.2002 35 40 44 9 13 4
27.03.2002 1 8 5 48 36 27
03.04.2002 37 16 33 8 13 20
10.04.2002 41 38 13 9 18 16
17.04.2002 3 43 34 4 47 13
24.04.2002 43 42 4 46 15 48
01.05.2002 11 26 42 22 1 8
08.05.2002 43 35 46 38 4 36
15.05.2002 23 13 27 34 26 46
22.05.2002 21 8 4 25 41 33
29.05.2002 14 5 22 42 1 7
05.06.2002 41 28 16 25 47 44
12.06.2002 23 41 29 36 17 43
19.06.2002 41 13 14 37 30 42
26.06.2002 41 21 32 42 11 46
03.07.2002 9 12 13 49 7 14
10.07.2002 48 47 17 25 4 40
17.07.2002 14 21 26 27 28 39
24.07.2002 42 19 41 11 12 18
31.07.2002 26 40 34 16 12 4
07.08.2002 41 14 38 45 4 9
14.08.2002 22 31 11 18 26 1
21.08.2002 41 15 34 26 22 9
28.08.2002 13 22 36 37 34 44
04.09.2002 38 44 29 34 27 41
11.09.2002 25 45 12 24 28 23
18.09.2002 49 20 37 24 25 39
25.09.2002 4 7 3 25 38 36
02.10.2002 38 46 21 27 18 4
09.10.2002 31 34 37 19 7 42
16.10.2002 25 40 37 21 9 11
23.10.2002 31 37 5 1 14 13
30.10.2002 49 7 34 25 31 30
06.11.2002 21 23 33 29 44 43
13.11.2002 26 19 47 8 6 34
20.11.2002 49 22 24 40 31 26
27.11.2002 23 32 21 39 44 18
04.12.2002 26 46 9 6 3 30
11.12.2002 39 9 33 11 23 32
18.12.2002 30 36 24 37 44 48
25.12.2002 25 34 17 14 49 6
01.01.2003 14 36 45 42 41 11
08.01.2003 32 37 27 2 30 31
15.01.2003 42 5 49 3 37 29
22.01.2003 44 27 19 2 40 14
29.01.2003 47 30 35 33 24 27
05.02.2003 8 12 35 11 23 47
12.02.2003 35 10 31 42 33 41
19.02.2003 23 24 43 19 34 40
26.02.2003 10 11 39 17 14 19
05.03.2003 20 26 43 4 49 36
12.03.2003 7 33 6 37 19 34
19.03.2003 37 33 9 16 23 20
26.03.2003 15 32 16 44 37 25
02.04.2003 1 21 19 16 14 17
09.04.2003 39 5 11 17 48 20
16.04.2003 42 5 4 8 35 34
23.04.2003 25 14 46 9 6 5
30.04.2003 26 30 22 17 23 45
07.05.2003 13 12 25 9 29 33
14.05.2003 15 45 25 38 28 40
21.05.2003 19 35 29 10 28 33
28.05.2003 20 31 8 39 46 40
04.06.2003 11 32 3 34 36 43
11.06.2003 38 6 31 49 20 22
18.06.2003 13 24 41 37 12 10
25.06.2003 10 39 27 11 5 48
02.07.2003 1 29 45 46 20 14
09.07.2003 46 9 42 36 2 7
16.07.2003 10 29 23 5 33 15
23.07.2003 15 41 2 49 17 42
30.07.2003 17 37 39 40 45 8
06.08.2003 17 25 35 38 45 7
13.08.2003 9 27 18 6 3 48
20.08.2003 48 24 42 38 45 44
27.08.2003 19 23 8 48 5 35
03.09.2003 43 18 4 5 16 9
10.09.2003 17 19 48 20 40 35
17.09.2003 35 13 48 3 23 34
24.09.2003 43 25 46 20 22 17
01.10.2003 18 38 5 14 32 9
08.10.2003 40 16 34 15 8 46
15.10.2003 31 24 33 32 4 1
22.10.2003 44 26 6 1 8 19
29.10.2003 9 43 25 11 47 20
05.11.2003 13 27 48 10 32 8
12.11.2003 36 10 41 25 46 14
19.11.2003 10 39 32 5 27 18
26.11.2003 26 37 29 27 28 5
03.12.2003 47 9 41 18 16 48
10.12.2003 24 15 9 1 43 30
17.12.2003 20 14 40 11 5 39
24.12.2003 9 4 14 31 6 27
31.12.2003 39 22 6 47 31 4
07.01.2004 49 24 45 10 44 12
14.01.2004 5 17 19 21 28 23
21.01.2004 49 29 30 33 22 5
28.01.2004 15 18 38 33 17 27
04.02.2004 41 21 2 16 31 1
11.02.2004 4 17 28 34 27 39
18.02.2004 40 46 27 30 48 20
25.02.2004 28 49 5 11 21 13
03.03.2004 22 29 49 20 44 46
10.03.2004 40 47 38 4 8 17
17.03.2004 1 29 15 21 12 34
24.03.2004 9 31 3 11 44 8
31.03.2004 22 25 35 20 23 13
07.04.2004 34 33 4 10 45 6
14.04.2004 43 38 47 4 12 13
21.04.2004 3 33 46 32 47 1
28.04.2004 48 45 25 34 43 29
05.05.2004 25 6 12 41 46 31
12.05.2004 13 7 28 38 23 5
19.05.2004 24 3 44 27 19 13
26.05.2004 35 12 40 17 21 8
02.06.2004 10 41 32 43 17 38
09.06.2004 32 11 40 28 16 5
16.06.2004 14 11 47 2 34 22
23.06.2004 39 14 8 13 19 44
30.06.2004 34 27 6 15 8 33
07.07.2004 41 12 4 45 11 26
14.07.2004 34 8 6 42 48 7
21.07.2004 10 43 11 47 45 38
28.07.2004 41 30 35 13 3 49
04.08.2004 17 19 45 43 8 33
11.08.2004 23 12 27 46 18 32
18.08.2004 8 33 7 14 23 5
25.08.2004 30 13 2 19 47 5
01.09.2004 32 43 31 17 42 41
08.09.2004 20 38 45 9 3 39
15.09.2004 31 1 29 27 28 26
22.09.2004 2 40 28 12 14 6
29.09.2004 29 1 45 43 28 14
06.10.2004 23 29 43 9 39 37
13.10.2004 12 20 42 13 32 11
20.10.2004 43 7 10 18 6 35
27.10.2004 7 27 38 29 37 31
03.11.2004 5 8 48 15 35 22
10.11.2004 8 45 19 7 25 28
17.11.2004 26 15 43 17 5 24
24.11.2004 8 35 36 7 31 49
01.12.2004 38 28 3 10 45 13
08.12.2004 4 30 14 32 25 15
15.12.2004 48 45 34 13 19 6
22.12.2004 16 43 20 19 15 5
29.12.2004 39 5 25 28 26 4
05.01.2005 11 26 24 20 41 1
12.01.2005 30 45 5 3 10 6
19.01.2005 36 45 39 8 7 14
26.01.2005 42 24 36 45 32 4
02.02.2005 22 44 6 36 30 26
09.02.2005 46 44 39 10 15 19
16.02.2005 22 6 1 19 46 10
23.02.2005 20 39 45 34 38 37
02.03.2005 39 27 25 24 9 35
09.03.2005 16 27 7 35 33 44
16.03.2005 29 33 16 6 40 4
23.03.2005 18 45 21 33 48 32
30.03.2005 40 14 46 7 1 3
06.04.2005 14 47 6 28 43 32
13.04.2005 26 42 28 36 22 15
20.04.2005 16 9 25 43 6 20
27.04.2005 48 5 6 27 41 18
04.05.2005 30 21 7 39 3 24
11.05.2005 18 49 46 2 47 22
18.05.2005 44 20 18 27 1 26
25.05.2005 47 23 33 49 22 43
01.06.2005 29 2 32 33 15 39
08.06.2005 25 23 10 45 6 49
15.06.2005 18 12 11 14 32 31
22.06.2005 33 48 5 44 41 40
29.06.2005 18 7 25 26 41 16
06.07.2005 47 11 16 29 38 35
13.07.2005 47 14 18 10 39 24
20.07.2005 4 43 19 10 25 33
27.07.2005 15 25 27 47 38 16
03.08.2005 10 24 33 4 12 7
10.08.2005 35 45 8 9 16 20
17.08.2005 10 16 23 45 22 9
24.08.2005 22 43 11 38 7 49
31.08.2005 15 8 24 1 29 12
07.09.2005 33 7 2 6 20 24
14.09.2005 10 47 26 41 35 22
21.09.2005 36 14 22 28 46 38
28.09.2005 32 25 11 37 28 44
05.10.2005 47 30 23 36 11 19
12.10.2005 35 3 36 41 10 2
19.10.2005 26 24 23 35 1 30
26.10.2005 34 21 35 24 9 19
02.11.2005 27 14 13 17 16 25
09.11.2005 30 4 19 26 47 46
16.11.2005 2 23 16 17 27 38
23.11.2005 18 47 49 45 24 15
30.11.2005 25 46 20 40 22 35
07.12.2005 47 7 28 34 29 35
14.12.2005 40 41 25 49 39 16
21.12.2005 34 26 30 24 9 18
28.12.2005 40 41 36 49 7 11
04.01.2006 12 13 20 41 11 5
11.01.2006 4 5 16 19 26 1
18.01.2006 13 14 12 18 27 44
25.01.2006 36 4 23 13 49 17
01.02.2006 38 7 22 13 35 23
08.02.2006 12 5 6 29 34 1
15.02.2006 26 11 20 17 30 19
22.02.2006 14 48 7 30 6 15
01.03.2006 22 48 37 19 2 41
08.03.2006 9 4 19 15 30 33
15.03.2006 1 10 14 9 3 38
22.03.2006 3 40 19 24 4 9
29.03.2006 16 30 26 10 17 3
05.04.2006 32 21 30 9 27 46
12.04.2006 48 15 20 46 23 47
19.04.2006 13 11 47 41 32 18
26.04.2006 16 31 12 17 34 43
03.05.2006 44 18 5 35 23 10
10.05.2006 24 35 33 39 47 6
17.05.2006 31 35 45 40 1 22
24.05.2006 17 47 21 45 2 31
31.05.2006 49 45 48 33 26 11
07.06.2006 7 34 45 23 29 1
14.06.2006 5 45 17 12 29 7
21.06.2006 45 19 48 43 18 34
28.06.2006 14 42 41 4 8 6
05.07.2006 34 10 7 19 41 32
12.07.2006 43 27 34 22 35 6
19.07.2006 47 46 25 5 44 31
26.07.2006 49 20 11 30 18 4
02.08.2006 20 28 40 43 23 16
09.08.2006 4 29 36 39 33 30
16.08.2006 41 48 32 2 30 19
23.08.2006 30 2 38 28 12 9
30.08.2006 45 48 21 22 25 37
06.09.2006 38 25 5 40 39 3
13.09.2006 14 10 22 39 17 31
20.09.2006 22 36 1 15 24 3
27.09.2006 13 20 38 33 45 27
04.10.2006 12 38 6 8 33 42
11.10.2006 19 40 26 45 30 43
18.10.2006 25 36 8 37 40 1
25.10.2006 30 46 32 12 11 33
01.11.2006 40 23 14 42 48 10
08.11.2006 27 37 10 20 15 6
15.11.2006 26 21 49 7 27 2
22.11.2006 42 22 12 34 29 33
29.11.2006 13 28 2 45 42 20
06.12.2006 3 2 23 6 39 35
13.12.2006 5 22 20 6 45 18
20.12.2006 10 4 29 46 49 44
27.12.2006 43 9 26 15 13 38
03.01.2007 35 45 30 4 36 2
10.01.2007 36 27 4 6 40 37
17.01.2007 32 9 14 46 12 27
24.01.2007 42 10 34 33 8 11
31.01.2007 8 44 26 20 10 3
07.02.2007 6 11 7 48 23 16
14.02.2007 45 7 33 8 24 44
21.02.2007 23 13 41 14 43 38
28.02.2007 14 43 26 31 28 13
07.03.2007 9 43 24 17 49 19
14.03.2007 3 22 24 15 5 37
21.03.2007 31 11 33 6 2 3
28.03.2007 3 41 27 15 11 26
04.04.2007 3 43 7 31 21 5
11.04.2007 17 10 15 7 22 47
18.04.2007 31 14 22 39 45 37
25.04.2007 13 36 42 43 34 7
02.05.2007 48 23 22 34 40 30
09.05.2007 44 46 15 8 22 47
16.05.2007 12 42 10 16 40 23
23.05.2007 20 10 45 31 19 9
30.05.2007 18 14 34 23 39 27
06.06.2007 45 12 29 25 4 44
13.06.2007 6 23 16 38 45 3
20.06.2007 17 11 39 12 3 7
27.06.2007 3 34 4 10 8 17
04.07.2007 21 24 30 16 20 38
11.07.2007 47 6 15 49 28 46
18.07.2007 36 39 27 20 4 24
25.07.2007 35 13 20 43 26 23
01.08.2007 33 17 40 7 42 14
08.08.2007 13 24 37 7 17 44
15.08.2007 31 13 1 28 37 27
22.08.2007 49 38 33 31 39 14
29.08.2007 43 31 16 2 7 20
05.09.2007 1 30 24 9 31 48
12.09.2007 49 1 36 28 31 38
19.09.2007 32 34 28 14 6 40
26.09.2007 39 11 43 15 34 31
03.10.2007 33 2 48 14 42 49
10.10.2007 29 36 34 13 15 25
17.10.2007 34 22 46 43 42 26
24.10.2007 20 7 23 15 14 46
31.10.2007 6 49 29 34 22 46
07.11.2007 33 10 18 6 28 38
14.11.2007 47 45 27 8 48 2
21.11.2007 47 25 41 34 40 43
28.11.2007 7 49 16 8 10 40
05.12.2007 28 24 42 39 10 9
12.12.2007 44 46 10 34 13 23
19.12.2007 3 32 45 37 29 7
26.12.2007 20 12 13 37 17 31
02.01.2008 10 27 2 30 7 49
09.01.2008 28 30 40 38 41 26
16.01.2008 48 16 19 8 27 47
23.01.2008 10 11 37 28 15 16
30.01.2008 46 6 12 48 7 27
06.02.2008 25 41 4 6 49 26
13.02.2008 20 25 42 1 7 33
20.02.2008 1 22 42 23 37 18
27.02.2008 34 21 9 18 39 36
05.03.2008 16 6 34 18 44 12
12.03.2008 24 37 9 2 22 44
19.03.2008 21 48 4 34 22 43
26.03.2008 28 34 10 36 29 17
02.04.2008 14 48 1 31 33 36
09.04.2008 27 35 31 42 8 2
16.04.2008 40 9 28 46 10 11
23.04.2008 26 39 32 8 35 2
30.04.2008 5 40 4 39 45 37
07.05.2008 36 30 16 49 31 24
14.05.2008 41 13 29 38 8 18
21.05.2008 2 10 21 48 16 45
28.05.2008 9 34 3 31 32 24
04.06.2008 7 47 27 30 43 8
11.06.2008 47 44 24 31 16 41
18.06.2008 32 39 43 4 3 40
25.06.2008 20 13 47 30 32 37
02.07.2008 1 23 9 12 27 22
09.07.2008 11 34 12 9 44 21
16.07.2008 15 24 32 17 37 27
23.07.2008 22 2 38 42 15 25
30.07.2008 36 23 4 29 25 45
06.08.2008 28 17 22 29 40 4
13.08.2008 4 45 26 41 14 32
20.08.2008 40 15 36 19 16 28
27.08.2008 31 29 20 33 18 15
03.09.2008 7 3 38 45 43 8
10.09.2008 34 24 23 32 2 10
17.09.2008 7 35 47 8 17 36
24.09.2008 21 3 39 28 47 45
01.10.2008 20 42 11 9 35 31
08.10.2008 9 13 5 30 39 11
15.10.2008 4 35 34 47 26 14
22.10.2008 20 18 17 31 15 13
29.10.2008 4 21 45 42 26 31
05.11.2008 49 3 44 4 12 2
12.11.2008 5 20 33 16 41 48
19.11.2008 36 17 44 14 4 32
26.11.2008 23 32 49 2 25 43
03.12.2008 33 16 8 44 15 47
10.12.2008 14 12 38 17 15 31
17.12.2008 1 12 32 24 49 16
24.12.2008 42 1 43 22 47 39
31.12.2008 36 49 29 30 6 24
07.01.2009 26 23 20 3 37 6
14.01.2009 29 9 7 1 22 32
21.01.2009 10 40 7 5 8 38
28.01.2009 47 15 3 1 38 24
04.02.2009 21 5 46 10 42 2
11.02.2009 22 43 13 42 39 41
18.02.2009 15 43 48 39 49 19
25.02.2009 34 7 22 10 43 2
04.03.2009 31 38 44 42 28 6
11.03.2009 32 39 48 47 13 8
18.03.2009 17 37 47 42 4 29
25.03.2009 31 49 25 32 41 14
01.04.2009 13 21 3 33 32 17
08.04.2009 29 19 5 28 37 12
15.04.2009 2 4 20 42 48 9
22.04.2009 45 6 11 24 31 32
29.04.2009 40 15 7 41 10 14
06.05.2009 2 1 45 44 7 41
13.05.2009 25 16 34 45 41 47
20.05.2009 8 6 47 31 27 28
27.05.2009 11 44 16 9 19 42
03.06.2009 15 3 9 21 33 18
10.06.2009 32 11 35 36 23 28
17.06.2009 10 40 43 7 29 42
24.06.2009 39 32 19 9 36 37
01.07.2009 32 11 49 2 26 18
08.07.2009 4 36 31 40 5 43
15.07.2009 2 43 6 14 38 25
22.07.2009 32 3 19 43 40 8
29.07.2009 37 20 13 32 9 10
05.08.2009 13 4 36 15 39 19
12.08.2009 15 40 8 37 24 28
19.08.2009 35 32 39 43 22 44
26.08.2009 33 43 22 23 15 26
02.09.2009 8 34 30 39 7 29
09.09.2009 22 12 16 34 43 29
16.09.2009 32 27 31 22 5 49
23.09.2009 23 43 30 3 4 44
30.09.2009 31 22 20 37 41 30
07.10.2009 38 45 34 48 10 28
14.10.2009 41 47 43 23 22 10
21.10.2009 16 25 40 44 42 10
28.10.2009 42 48 43 39 45 16
04.11.2009 14 8 2 6 28 4
11.11.2009 19 32 11 10 46 42
18.11.2009 16 25 23 8 44 6
25.11.2009 10 18 43 12 24 44
02.12.2009 30 32 24 12 31 17
09.12.2009 1 5 26 13 22 29
16.12.2009 19 8 18 11 2 38
23.12.2009 5 36 28 44 48 2
30.12.2009 37 10 40 25 22 16
06.01.2010 48 17 20 24 14 2
13.01.2010 38 2 13 40 43 34
20.01.2010 46 47 15 28 11 9
27.01.2010 39 43 7 46 10 5
03.02.2010 8 43 4 10 16 37
10.02.2010 9 29 44 6 49 12
17.02.2010 17 35 31 22 38 44
24.02.2010 25 3 12 6 22 41
03.03.2010 45 3 9 17 47 37
10.03.2010 49 16 46 18 45 27
17.03.2010 23 19 25 20 34 30
24.03.2010 9 15 40 47 25 19
31.03.2010 46 41 49 14 25 47
07.04.2010 18 14 35 32 26 24
14.04.2010 35 42 13 18 37 5
21.04.2010 41 40 23 33 13 5
28.04.2010 40 3 30 39 19 26
05.05.2010 11 12 36 17 19 44
12.05.2010 20 27 1 26 24 40
19.05.2010 19 25 42 37 34 30
26.05.2010 49 39 16 6 11 41
02.06.2010 9 34 18 23 32 20
09.06.2010 25 29 42 14 33 37
16.06.2010 40 7 34 29 28 27
23.06.2010 1 23 48 25 18 44
30.06.2010 33 2 36 13 14 7
07.07.2010 42 28 17 32 35 6
14.07.2010 28 42 20 11 10 23
21.07.2010 43 17 22 31 20 28
28.07.2010 16 20 40 34 33 46
04.08.2010 28 31 13 30 46 33
11.08.2010 6 3 17 33 7 13
18.08.2010 2 16 9 47 14 37
25.08.2010 49 36 28 44 9 43
01.09.2010 4 11 36 16 29 19
08.09.2010 13 11 40 32 12 5
15.09.2010 41 31 43 29 1 32
22.09.2010 2 5 4 17 9 12
29.09.2010 23 4 16 41 32 9
06.10.2010 3 11 2 30 19 43
13.10.2010 33 3 16 21 40 32
20.10.2010 22 7 33 19 15 1
27.10.2010 13 44 28 12 25 18
03.11.2010 1 45 39 5 9 47
10.11.2010 21 8 11 49 22 12
17.11.2010 28 16 1 18 24 47
24.11.2010 33 5 8 26 35 46
01.12.2010 41 15 32 39 20 25
08.12.2010 18 16 14 7 26 2
15.12.2010 28 14 45 43 3 9
22.12.2010 6 36 45 26 35 18
29.12.2010 15 20 37 14 48 42
      
05.01.2011 49 46 36 29 24 42
12.01.2011 8 23 2 22 12 28
19.01.2011 6 8 35 29 5 34
26.01.2011 34 22 23 37 28 6
02.02.2011 15 17 6 46 34 22
09.02.2011 46 41 23 13 39 14
16.02.2011 11 25 3 8 46 30
23.02.2011 40 27 39 6 16 22
02.03.2011 36 38 48 4 42 9
09.03.2011 41 48 27 6 13 14
16.03.2011 5 41 35 18 48 20
23.03.2011 34 11 40 16 42 5
30.03.2011 18 31 37 32 13 23
06.04.2011 19 31 14 9 39 27
13.04.2011 47 26 6 23 16 9
20.04.2011 36 40 13 20 39 44
27.04.2011 33 21 42 16 32 46
04.05.2011 14 36 22 6 40 30
11.05.2011 31 35 29 26 8 28
18.05.2011 33 30 13 27 41 3
25.05.2011 38 35 8 26 1 27
01.06.2011 11 10 13 22 41 20
08.06.2011 4 38 24 15 31 49
15.06.2011 23 6 22 21 32 44
22.06.2011 37 1 29 34 4 24
29.06.2011 36 30 8 45 22 10
06.07.2011 32 38 11 14 6 27
13.07.2011 30 26 25 47 1 39
20.07.2011 42 19 49 11 23 7
27.07.2011 32 26 11 16 12 35
03.08.2011 4 40 33 41 8 43
10.08.2011 12 23 22 8 26 16
17.08.2011 25 1 18 16 11 20
24.08.2011 36 31 19 28 33 41
31.08.2011 29 47 32 15 17 26
07.09.2011 23 39 10 27 4 28
14.09.2011 23 4 32 44 5 39
21.09.2011 31 10 27 46 24 41
28.09.2011 18 43 10 14 38 27
05.10.2011 43 15 45 33 1 2
12.10.2011 40 43 28 10 8 46
19.10.2011 31 34 25 10 8 15
26.10.2011 37 34 15 30 38 33
02.11.2011 3 6 23 41 43 40
09.11.2011 20 14 27 48 28 6
16.11.2011 33 47 14 26 49 8
23.11.2011 1 30 23 39 10 38
30.11.2011 44 12 4 31 42 18
07.12.2011 11 20 32 16 38 27
14.12.2011 37 29 36 14 32 8
21.12.2011 21 43 39 15 24 17
28.12.2011 13 20 19 18 6 21
04.01.2012 36 29 3 24 18 46
11.01.2012 34 15 8 36 11 47
18.01.2012 6 33 13 32 18 7
25.01.2012 1 33 6 24 4 47
01.02.2012 7 18 39 37 6 3
08.02.2012 45 24 13 34 8 47
15.02.2012 40 41 35 15 36 29
22.02.2012 19 14 24 12 48 4
29.02.2012 25 32 6 43 11 35
07.03.2012 33 38 25 29 49 47
14.03.2012 8 22 9 13 3 49
21.03.2012 49 26 34 14 38 4
28.03.2012 42 17 2 23 22 39
04.04.2012 23 46 29 42 19 37
11.04.2012 16 2 44 4 7 6
18.04.2012 8 35 33 21 34 6
25.04.2012 40 46 42 3 26 23
02.05.2012 15 20 4 35 14 17
09.05.2012 20 16 40 45 17 15
16.05.2012 41 46 45 16 44 24
23.05.2012 23 42 36 26 1 31
30.05.2012 21 2 45 23 10 44
06.06.2012 27 9 38 42 1 17
13.06.2012 33 40 1 46 32 29
20.06.2012 3 6 22 24 28 17
27.06.2012 2 31 37 15 43 5
04.07.2012 3 6 33 25 49 12
11.07.2012 21 11 32 16 29 43
18.07.2012 29 20 23 47 21 34
25.07.2012 8 45 2 13 44 25
01.08.2012 19 43 41 32 26 44
08.08.2012 41 49 13 43 12 22
15.08.2012 15 1 37 34 12 14
22.08.2012 11 49 31 1 7 15
29.08.2012 45 22 38 29 35 40
05.09.2012 24 7 37 44 4 18
12.09.2012 36 8 26 19 39 49
19.09.2012 11 16 31 1 20 44
26.09.2012 14 47 12 29 40 10
03.10.2012 46 48 49 13 28 35
10.10.2012 38 48 43 15 13 28
17.10.2012 10 5 12 46 47 14
24.10.2012 44 33 6 39 18 14
31.10.2012 34 49 30 13 8 3
07.11.2012 21 47 6 31 46 2
14.11.2012 11 45 2 34 9 17
21.11.2012 24 1 10 9 29 27
28.11.2012 45 40 26 11 21 42
05.12.2012 38 23 20 36 24 27
12.12.2012 10 11 33 1 8 15
19.12.2012 27 43 40 36 32 25
26.12.2012 36 13 34 3 43 10
02.01. 36 41 21 18 44 3
09.01. 22 36 26 43 6 7
16.01. 18 3 8 26 11 14
23.01. 28 8 22 12 3 4
30.01. 4 26 2 5 27 36
06.02. 31 16 14 32 24 7
13.02. 4 11 38 14 6 15
20.02. 6 27 20 5 45 36
27.02. 28 6 16 33 25 5
06.03. 10 14 6 15 2 29
13.03. 46 3 38 32 29 26
20.03. 35 17 24 10 37 5
27.03. 1 2 3 38 21 13
03.04. 31 23 21 16 38 29
10.04. 43 26 45 27 31 32
17.04. 35 38 45 37 24 9
24.04. 48 39 7 14 19 49
01.05. 22 12 15 28 16 9
08.05. 6 22 42 30 11 4
15.05. 29 16 45 4 38 2
22.05. 6 35 23 8 36 24
29.05. 40 2 41 14 7 5
05.06. 47 30 21 49 39 19
12.06. 6 15 5 7 23 10
19.06. 18 42 19 49 29 3
26.06. 31 22 32 39 2 43
03.07. 36 9 13 17 7 14
10.07. 41 16 19 11 29 43
17.07. 17 38 20 28 26 11
24.07. 15 28 31 8 2 36
31.07. 38 6 3 47 39 26
07.08. 42 24 14 36 16 11
14.08. 9 39 8 3 34 35
21.08. 15 5 29 21 27 48
28.08. 29 35 3 22 2 37
04.09. 34 19 17 38 31 1
11.09. 12 40 48 42 28 16
18.09. 46 11 4 20 30 21
25.09. 7 43 14 26 30 33
02.10. 46 17 42 27 43 47
09.10. 9 29 46 22 48 11
16.10. 49 38 32 9 44 40
23.10. 23 26 7 21 33 16
30.10. 36 30 12 13 10 45
06.11. 36 22 35 30 12 13
13.11. 12 5 15 16 35 46
20.11. 24 36 42 16 9 19
27.11. 28 42 31 36 11 38
04.12. 13 22 20 41 49 42
11.12. 18 38 7 49 39 22
18.12. 44 2 18 34 35 12
25.12. 46 40 44 26 27 4
01.01. 46 25 24 8 23 6
08.01. 36 44 45 28 20 31
15.01. 6 49 41 22 39 43
22.01. 26 42 18 2 46 23
29.01. 3 12 36 34 15 26
05.02. 26 32 17 7 16 9
12.02. 16 15 37 18 10 35
19.02. 18 43 29 21 36 4
26.02. 19 31 9 8 48 11
05.03. 33 44 5 34 13 16
12.03. 12 27 4 38 7 31
19.03. 23 7 1 40 25 10
26.03. 22 38 3 43 30 36
02.04. 28 48 42 20 4 6
09.04. 39 32 46 43 12 6
16.04. 24 18 35 49 30 28
23.04. 22 40 44 23 12 13
30.04. 35 48 38 6 10 30
07.05. 25 1 23 30 28 19
14.05. 2 32 39 22 30 7
21.05. 6 21 2 16 5 31
28.05. 16 29 13 44 40 10
04.06. 27 24 20 21 43 28
11.06. 43 11 3 6 44 21
18.06. 6 20 43 33 38 28
25.06. 34 1 7 6 13 28
02.07. 18 15 10 41 44 6
09.07. 26 3 45 25 4 18
16.07. 29 26 41 17 31 3
23.07. 33 25 15 9 38 20
30.07. 9 37 13 12 10 11
06.08. 6 31 45 21 5 7
13.08. 36 41 46 3 30 24
20.08. 35 3 28 1 22 31
27.08. 25 29 14 15 47 16
03.09. 23 40 19 18 47 39
10.09. 45 8 32 24 38 23
17.09. 32 38 49 44 16 43
24.09. 34 31 4 35 36 46
01.10. 1 23 3 21 42 39
08.10. 21 34 37 32 6 19
15.10. 31 14 16 27 12 26
22.10. 12 42 49 25 35 1
29.10. 39 26 4 21 9 43
05.11. 17 49 6 31 8 33
12.11. 28 24 32 47 37 14
19.11. 48 18 26 5 34 4
26.11. 44 33 8 32 24 11
03.12. 4 23 35 10 14 32
10.12. 29 11 22 30 9 41
17.12. 28 46 44 17 16 22
24.12. 43 33 38 14 45 25
31.12. 27 22 49 20 15 39
07.01. 17 46 41 42 10 43
14.01. 33 19 38 1 46 39
21.01. 41 11 48 15 12 29
28.01. 38 43 22 8 47 6
04.02. 29 22 37 40 49 21
11.02. 26 27 28 25 6 47
18.02. 44 24 31 46 42 27
25.02. 20 38 43 25 30 27
04.03. 3 16 48 22 46 36
11.03. 4 8 42 10 32 28
18.03. 40 6 23 25 46 12
25.03. 27 13 39 19 16 48
01.04. 22 29 38 7 16 32
08.04. 20 44 41 37 14 47
15.04. 33 39 46 29 14 37
22.04. 34 21 11 22 35 4
29.04. 43 38 41 7 20 9
06.05. 38 6 26 2 40 43
13.05. 39 20 49 3 7 27
20.05. 33 38 26 2 11 30
27.05. 4 11 14 29 8 12
03.06. 48 20 37 23 8 24
10.06. 45 34 12 2 40 22
17.06. 12 15 48 8 37 41
24.06. 33 16 20 31 45 42
01.07. 42 11 35 41 10 37
08.07. 13 33 5 38 12 39
15.07. 43 18 34 48 45 9
22.07. 43 22 18 33 20 19
29.07. 44 30 37 25 18 39
05.08. 7 15 10 38 35 39
12.08. 45 10 6 15 28 24
19.08. 24 28 22 48 38 16
26.08. 3 26 36 42 16 30
02.09. 2 16 35 18 3 20
09.09. 2 19 44 26 46 28
16.09. 30 1 24 5 42 4
23.09. 33 24 14 18 10 44
30.09. 16 39 49 2 1 22
07.10. 25 33 28 7 11 12
14.10. 22 28 17 15 41 29
21.10. 17 4 24 39 49 18
28.10. 47 29 49 1 18 33
04.11. 12 40 45 24 33 5
11.11. 41 28 15 14 25 20
18.11. 21 48 33 19 49 9
25.11. 14 43 36 19 46 41
02.12. 10 31 12 44 3 26
09.12. 37 3 30 44 48 32
16.12. 9 27 24 13 21 36
23.12.2015 21 13 34 47 32 18
30.12.2015 14 17 27 45 8 26
